78,5
78,4
78,3
78,2
78,1
78,0
0,501
0,500
0,499
0,498
0,497
0,273
0,270
77,4
77,3
77,2
77,1
77,0
0,496
0,495
0,494
0,493
0,492
0,491
0,490
0,489
0,488
76,4
76,3
76,2
76,1
76,0
0,487
0,486
0,485
0,484
0,483
0,482
0,481
75,4
75,3
75,2
75,1
75,0
74,4
74,3
74,2
74,1
74,0
0,480
0,479
72,4
73,4
73,3
73,2
73,1
73,0
72,3
72,2
72,1
72,0
0,478
0,477
0,476
71,5
71,4
71,3
71,2
71,1
71,0
70,4
70,3
70,2
70,1
70,0
68,4
69,4
69,3
69,2
69,1
69,0
68,3
68,2
68,1
68,0
60,26
60,25
60,24
60,23
34,6
34,5
67,4
67,3
67,2
67,1
67,0
66,3
66,2
66,1
66,0
65,4
65,3
65,2
65,1
65,0
64,3
64,2
64,1
64,0
63,4
63,3
63,2
63,1
63,0
62,3
62,2
62,1
62,0
60,22
60,21
0,475
0,474
60,20
60,19
60,18
0,473
0,472
60,17
60,16
